none 0 1,1,1,1 0,0,0 1,1,1 -0.0123887,0,0.999924,0,0,1,0,0,-0.999924,0,-0.0123887,0,0,0,0,1
  none 0 1,1,1,1 0,0,0 1,1,1 -0.128845,0,-0.991665,0,0,1,0,0,0.991665,0,-0.128845,0,0,0,0,1
    none 0 1,1,1,1 0,0,0 1,1,1 0.995005,0,0.0998336,0,0,1,0,0,-0.0998336,0,0.995005,0,0,0,0,1
      none 0 1,1,1,1 0,0,0 1,1,1 -0.0123887,0,0.999924,0,0,1,0,0,-0.999924,0,-0.0123887,0,0,0,0,1
        none 0 1,1,1,1 0,0,0 1,1,1 1,0,0,0,0,1,0,0,0,0,1,0,0,0,0,1
          box 4 0.1,0.6,0.8,1 0,0,0 2.14359,0.5105,1 1,0,0,0,0,1,0,0,0,0,1,0,0,0,0,1
          cylinder 4 0,0,0,1 -0.6,-0.4,0.3 0.526127,0.228768,0.495338 1,0,0,0,0,-0.0291995,0.999575,0,0,-0.999575,-0.0291995,0,0,0,0,1
          cylinder 4 0,0,0,1 0.6,-0.4,0.3 0.526127,0.228768,0.495338 1,0,0,0,0,-0.0291995,0.999575,0,0,-0.999575,-0.0291995,0,0,0,0,1
          cylinder 4 0,0,0,1 -0.6,-0.4,-0.3 0.526127,0.228768,0.495338 1,0,0,0,0,-0.0291995,0.999575,0,0,-0.999575,-0.0291995,0,0,0,0,1
          cylinder 4 0,0,0,1 0.6,-0.4,-0.3 0.526127,0.228768,0.495338 1,0,0,0,0,-0.0291995,0.999575,0,0,-0.999575,-0.0291995,0,0,0,0,1
          sphere 4 1,1,1,1 0.6,-0.1,-0.3 0.99,0.35,0.35 1,0,0,0,0,1,0,0,0,0,1,0,0,0,0,1
          sphere 4 1,1,1,1 0.6,-0.1,0.3 0.99,0.35,0.35 1,0,0,0,0,1,0,0,0,0,1,0,0,0,0,1
    none 0 1,1,1,1 0,0,0 1,1,1 1,0,0,0,0,1,0,0,0,0,1,0,0,0,0,1
    box 4 1,1,1,1 -0.35,0,-0.7 0.249272,0.254186,0.33997 -0.989993,0,-0.14112,0,0,1,0,0,0.14112,0,-0.989993,0,0,0,0,1
    box 4 1,1,1,1 0.5,0,-0.7 0.249272,0.254186,0.33997 -0.989993,0,-0.14112,0,0,1,0,0,0.14112,0,-0.989993,0,0,0,0,1
    box 4 1,1,1,1 -0.5,0,0.6 0.249272,0.254186,0.33997 -0.989993,0,-0.14112,0,0,1,0,0,0.14112,0,-0.989993,0,0,0,0,1
    box 4 1,1,1,1 0.35,0,0.6 0.249272,0.254186,0.33997 -0.989993,0,-0.14112,0,0,1,0,0,0.14112,0,-0.989993,0,0,0,0,1
  box 4 1,1,1,1 1.05,0.1,0 0.1102472,0.205891,0.747423 1,0,3.72529e-08,0,0,1,0,0,-3.72529e-08,0,1,0,0,0,0,1
